304
304
312
312
312
312
316
316
316
316
318
318
318
318
319
319
319
319
319
319
319
319
319
327
327
327
327
335
335
335
352
352
352
352
352
352
352
352
352
384
384
384
384
384
384
384
384
384
384
384
384
384
384
384
384
384
384
384
384
384
384
384
384
384
384
384
384
384
384
384
384
384
384
384
384
384
384
384
384
384
384
384
384
384
384
384
384
384
384
384
384
384
385
385
385
387
387
387
387
391
391
391
391
391
391
391
399
399
399
399
399
399
399
399
399
399
399
399
408
408
412
412
412
414
414
414
414
415
304
316
304
